011110100001010101010101011110100001010101010101
011101011110101001010100001100001010101000001001
111001011000000000000010101110101110100001010011
010100000100001011111000000001010111111110101001
101110101110100100000100000000000000001000001010
110001010100001001011111110100001100000110101111
111101010010101100001111111001011010101101010011
000000001100001001010101010111110100000010100000
011010101010101101010010101001010111110010100001
000100001000001111111001011000001100001111110100
010110101111111010101011111010101111110110100101
011000001010101111110000000111111000001111110001
001110101011110111111010100011110000001011110000
000011110001011000000110100010101010101011110100
111000000101010001011001010010101100000001011011
001000000110101000000100000110100100000110101000
