00100011010010101010100110111011
00111100101010111000011110100011
01001101000101100110111010110000
10111011001000110111011101001100
00101000000100111010110111000011
10011110010001011100110100101100
10001100000001010001110000100111
00111100000011101000011011111001
00100010001101100111110001101010
01100010101111001001110000100010
11100001000001001111101000000010
11000010011010001100111111101010
11011101101110110010100100100010
10110111001100011000111001010101
01011011100000010010011101101110
11001000110000000100111110011000
