11110000101010101111000010101010
11101111010010100110010101000100
11001100000000010111011100001001
10100010010111000000101111110100
01110111001000100000000001000101
10001010010011111010011000110111
11101001011001111100110101101001
00000110010010101011101000010000
11010101011010010100101110010000
00100100011111001100011001111010
10110111110101011101011110110010
11000101011110000011110001111000
01110101101111010001100001011000
00011000110000110001010101011010
11000010100011001001011000001101
01000011010000100011001000110100
01000011010000100011001000110100
