011000010001011110111010100001100110010100100111
000011000100010010001101111010110110001111101100
101100000111110010001000111110000010011111001010
001000101110111100101110110111100100101010110100
110001100000010100000011111010110101000110100010
101001101110011101100001100000001011101010000000
000110011010111110111000000100111011001111101111
111101110100100001101111100111100111101101011011
100010100111000010111001010010001001101100100000
101000010111000010111110110110101000010110111011
011110111010000101111000001101000010111000100011
000101011101101000000101100010111110010000011000
101011010111100000101011011101011011100010110001
010100000101010110110001011110000100110111001110
010111111100010111010100011101111111111101010001
111010110101011110001111000101000101011001011101
